40 cores
processTADLists duration: 395.421611ms
calcVIatBdys duration: 34.876699ms
calcAllPvals duration: 23.828629589s
findDomPts duration: 4.754658ms
start	end	VI	p-value
0	420	0.0447656	0.003125
430	480	0	0.012789
507	653	0.0224595	0.003125
698	748	0	0.0107585
803	889	0.0428162	0.00377979
924	998	0.0407253	0.00493469
1225	1475	0.0228713	0.003125
1314	1585	0.0314472	0.003125
1736	1877	0.0326095	0.003125
1755	1838	0.0389309	0.039372
1789	1976	0.0437448	0.003125
1794	2007	0.0444133	0.003125
1883	2021	0.0434198	0.003125
2171	2284	0	0.00586205
36 cores
processTADLists duration: 45.625436ms
calcVIatBdys duration: 34.99484ms
calcAllPvals duration: 22.876084365s
findDomPts duration: 7.770336ms
start	end	VI	p-value
0	420	0.0447656	0.003125
430	480	0	0.00897568
507	653	0.0224595	0.00377979
698	748	0	0.00507867
803	889	0.0428162	0.00427989
924	998	0.0407253	0.003125
1225	1475	0.0228713	0.003125
1314	1585	0.0314472	0.003125
1736	1877	0.0326095	0.00470715
1755	1838	0.0389309	0.0434257
1789	1976	0.0437448	0.003125
1794	2007	0.0444133	0.003125
1883	2021	0.0434198	0.003125
2171	2284	0	0.00377979
32 cores
processTADLists duration: 7.194862ms
calcVIatBdys duration: 34.877484ms
calcAllPvals duration: 22.370832127s
findDomPts duration: 4.893771ms
start	end	VI	p-value
0	420	0.0447656	0.003125
430	480	0	0.00970201
507	653	0.0224595	0.003125
698	748	0	0.00811451
803	889	0.0428162	0.003125
924	998	0.0407253	0.00470715
1225	1475	0.0228713	0.003125
1314	1585	0.0314472	0.003125
1736	1877	0.0326095	0.003125
1755	1838	0.0389309	0.0424225
1789	1976	0.0437448	0.003125
1794	2007	0.0444133	0.003125
1883	2021	0.0434198	0.003125
2171	2284	0	0.00427989
28 cores
processTADLists duration: 42.366822ms
calcVIatBdys duration: 35.451331ms
calcAllPvals duration: 22.361739691s
findDomPts duration: 5.597153ms
start	end	VI	p-value
0	420	0.0447656	0.003125
430	480	0	0.00693923
507	653	0.0224595	0.003125
698	748	0	0.010905
803	889	0.0428162	0.003125
924	998	0.0407253	0.003125
1225	1475	0.0228713	0.003125
1314	1585	0.0314472	0.003125
1724	1877	0.03914	0.003125
1789	1976	0.0437448	0.003125
1794	2007	0.0444133	0.003125
1883	2021	0.0434198	0.00377979
2171	2284	0	0.00377979
24 cores
processTADLists duration: 56.646828ms
calcVIatBdys duration: 35.280224ms
calcAllPvals duration: 25.007175718s
findDomPts duration: 4.829056ms
start	end	VI	p-value
0	420	0.0447656	0.003125
430	480	0	0.00797052
507	653	0.0224595	0.003125
698	748	0	0.00943442
803	889	0.0428162	0.00377979
924	998	0.0407253	0.003125
1225	1475	0.0228713	0.003125
1314	1585	0.0314472	0.003125
1736	1877	0.0326095	0.003125
1755	1838	0.0389309	0.035701
1789	1976	0.0437448	0.003125
1794	2007	0.0444133	0.003125
1883	2021	0.0434198	0.003125
2171	2284	0	0.00470715
20 cores
processTADLists duration: 7.387447ms
calcVIatBdys duration: 35.155736ms
calcAllPvals duration: 27.013429735s
findDomPts duration: 6.012246ms
start	end	VI	p-value
0	420	0.0447656	0.003125
430	480	0	0.011986
507	653	0.0224595	0.003125
698	748	0	0.00536195
803	889	0.0428162	0.003125
924	998	0.0407253	0.00427989
1225	1475	0.0228713	0.003125
1314	1585	0.0314472	0.003125
1736	1877	0.0326095	0.00377979
1755	1838	0.0389309	0.0399763
1789	1976	0.0437448	0.003125
1794	2007	0.0444133	0.003125
1883	2021	0.0434198	0.00377979
2171	2284	0	0.00377979
16 cores
processTADLists duration: 66.188605ms
calcVIatBdys duration: 35.4346ms
calcAllPvals duration: 31.830069784s
findDomPts duration: 5.582938ms
start	end	VI	p-value
0	420	0.0447656	0.003125
430	480	0	0.00702201
507	653	0.0224595	0.003125
698	748	0	0.00962122
803	889	0.0428162	0.00377979
924	998	0.0407253	0.003125
1225	1475	0.0228713	0.003125
1314	1585	0.0314472	0.003125
1736	1877	0.0326095	0.00377979
1755	1838	0.0389309	0.0441751
1789	1976	0.0437448	0.003125
1794	2007	0.0444133	0.003125
1883	2021	0.0434198	0.00377979
2171	2284	0	0.00667164
12 cores
processTADLists duration: 76.947518ms
calcVIatBdys duration: 35.445108ms
calcAllPvals duration: 37.028200173s
findDomPts duration: 5.734861ms
start	end	VI	p-value
0	420	0.0447656	0.003125
430	480	0	0.00974831
507	653	0.0224595	0.00377979
698	748	0	0.00767789
803	889	0.0428162	0.003125
924	998	0.0407253	0.00470715
1225	1475	0.0228713	0.003125
1314	1585	0.0314472	0.003125
1736	1877	0.0326095	0.00377979
1755	1838	0.0389309	0.03743
1789	1976	0.0437448	0.003125
1794	2007	0.0444133	0.003125
1883	2021	0.0434198	0.003125
2171	2284	0	0.00667164
8 cores
processTADLists duration: 200.86508ms
calcVIatBdys duration: 35.611915ms
calcAllPvals duration: 46.196196668s
findDomPts duration: 5.373737ms
start	end	VI	p-value
0	420	0.0447656	0.003125
430	480	0	0.00743932
507	653	0.0224595	0.00377979
698	748	0	0.00944386
803	889	0.0428162	0.003125
924	998	0.0407253	0.00377979
1225	1475	0.0228713	0.003125
1314	1585	0.0314472	0.003125
1736	1877	0.0326095	0.003125
1755	1838	0.0389309	0.0406088
1789	1976	0.0437448	0.003125
1794	2007	0.0444133	0.003125
1883	2021	0.0434198	0.003125
2171	2284	0	0.00536195
4 cores
processTADLists duration: 22.230564ms
calcVIatBdys duration: 35.326228ms
calcAllPvals duration: 1m28.397336833s
findDomPts duration: 10.18049ms
start	end	VI	p-value
0	420	0.0447656	0.003125
430	480	0	0.00904187
507	653	0.0224595	0.00377979
698	748	0	0.0106827
803	889	0.0428162	0.003125
924	998	0.0407253	0.003125
1225	1475	0.0228713	0.003125
1314	1585	0.0314472	0.003125
1736	1877	0.0326095	0.003125
1755	1838	0.0389309	0.0441506
1789	1976	0.0437448	0.003125
1794	2007	0.0444133	0.003125
1883	2021	0.0434198	0.003125
2171	2284	0	0.00536195
2 cores
processTADLists duration: 33.581199ms
calcVIatBdys duration: 34.830005ms
calcAllPvals duration: 2m49.726301597s
findDomPts duration: 8.748271ms
start	end	VI	p-value
0	420	0.0447656	0.003125
430	480	0	0.00897568
507	653	0.0224595	0.003125
698	748	0	0.0099451
803	889	0.0428162	0.003125
924	998	0.0407253	0.00377979
1225	1475	0.0228713	0.003125
1314	1585	0.0314472	0.003125
1736	1877	0.0326095	0.00377979
1755	1838	0.0389309	0.046162
1789	1976	0.0437448	0.003125
1794	2007	0.0444133	0.003125
1883	2021	0.0434198	0.003125
2171	2284	0	0.00606839
1 core
processTADLists duration: 35.578221ms
calcVIatBdys duration: 35.336677ms
calcAllPvals duration: 5m23.924701917s
findDomPts duration: 11.338439ms
start	end	VI	p-value
0	420	0.0447656	0.003125
430	480	0	0.0080128
507	653	0.0224595	0.003125
698	748	0	0.0100146
803	889	0.0428162	0.003125
924	998	0.0407253	0.003125
1225	1475	0.0228713	0.003125
1314	1585	0.0314472	0.003125
1736	1877	0.0326095	0.00377979
1755	1838	0.0389309	0.0409293
1789	1976	0.0437448	0.003125
1794	2007	0.0444133	0.003125
1883	2021	0.0434198	0.003125
2171	2284	0	0.00606839
